Date,Daily number of positive tests (may count people more than once),3-day average of daily number of positive tests (may count people more than once),Cumulative positive tests (may count people more than once),Daily number of negative tests (may count people more than once),Cumulative negative tests (may count people more than once),Daily total tests completed (may count people more than once),Cumulative total tests completed (may count people more than once),New people who tested positive (counts first positive lab per person),3-day average of new people who tested positive (counts first positive lab per person),Cumulative people who tested positive (counts first positive lab per person),New people who have only tested negative (counts first negative lab per person),Cumulative people who have only tested negative (counts first negative lab per person),Cumulative people tested (one count per person),New hospital admissions,Cumulative hospital admissions,New hospital discharges,Cumulative hospital discharges,Hospital deaths,Cumulative hospital deaths,Currently hospitalized,3-day average of currently hospitalized,Currently in ICU,Currently vented,Date of death,Total deaths,Daily number of first vaccine doses administered (includes single-dose vaccines),Daily number of second vaccine doses administered (only applicable for two-dose vaccines),Daily total number of vaccine doses administered,Cumulative total number of vaccine doses administered,Daily number of people at least partially vaccinated,Cumulative total number of people at least partially vaccinated,Daily number of people fully vaccinated,Cumulative total number of people fully vaccinated
2/27/2020,0,--,0,0,0,0,0,0,--,0,0,0,0,1,1,0,0,0,0,1,--,0,0,0,0,-,-,--,--,--,--,--,--
2/28/2020,0,--,0,0,0,0,0,0,--,0,0,0,0,0,1,0,0,0,0,1,--,1,0,0,0,-,-,--,--,--,--,--,--
2/29/2020,0,0,0,0,0,0,0,0,0,0,0,0,0,0,1,0,0,0,0,1,1,1,0,0,0,-,-,--,--,--,--,--,--
3/1/2020,2,1,2,2,2,4,4,2,1,2,2,2,4,0,1,0,0,0,0,1,1,1,1,0,0,-,-,--,--,--,--,--,--
3/2/2020,0,1,2,1,3,1,5,0,1,2,0,2,4,1,2,0,0,0,0,2,1,2,2,0,0,-,-,--,--,--,--,--,--
3/3/2020,0,1,2,2,5,2,7,0,1,2,1,3,5,0,2,0,0,0,0,2,2,2,2,0,0,-,-,--,--,--,--,--,--
3/4/2020,0,0,2,12,17,12,19,0,0,2,10,13,15,1,3,0,0,0,0,3,2,2,2,0,0,-,-,--,--,--,--,--,--
3/5/2020,0,0,2,4,21,4,23,1,0,3,4,17,20,0,3,0,0,0,0,3,3,2,2,0,0,-,-,--,--,--,--,--,--
3/6/2020,1,0,3,12,33,13,36,0,0,3,11,28,31,0,3,0,0,0,0,3,3,2,2,0,0,-,-,--,--,--,--,--,--
3/7/2020,0,0,3,19,52,19,55,0,0,3,19,47,50,0,3,0,0,0,0,3,3,2,1,0,0,-,-,--,--,--,--,--,--
3/8/2020,0,0,3,18,70,18,73,0,0,3,18,65,68,0,3,0,0,0,0,3,3,2,1,0,0,-,-,--,--,--,--,--,--
3/9/2020,1,0,4,15,85,16,89,1,0,4,14,79,83,0,3,0,0,0,0,3,3,2,1,0,0,-,-,--,--,--,--,--,--
3/10/2020,2,1,6,25,110,27,116,1,1,5,21,100,105,0,3,0,0,0,0,3,3,2,1,0,0,-,-,--,--,--,--,--,--
3/11/2020,0,1,6,34,144,34,150,0,1,5,32,132,137,1,4,0,0,0,0,4,3,1,1,0,0,-,-,--,--,--,--,--,--
3/12/2020,9,4,15,41,185,50,200,7,3,12,38,170,182,1,5,0,0,0,0,5,4,1,1,0,0,-,-,--,--,--,--,--,--
3/13/2020,6,5,21,50,235,56,256,6,4,18,43,213,231,4,9,1,1,0,0,8,6,1,1,0,0,-,-,--,--,--,--,--,--
3/14/2020,0,5,21,90,325,90,346,0,4,18,77,290,308,0,9,0,1,0,0,8,7,1,1,0,0,-,-,--,--,--,--,--,--
3/15/2020,1,2,22,54,379,55,401,1,2,19,52,342,361,1,10,0,1,0,0,9,8,2,1,0,0,-,-,--,--,--,--,--,--
3/16/2020,2,1,24,95,474,97,498,2,1,21,85,427,448,2,12,0,1,0,0,11,9,2,0,0,0,-,-,--,--,--,--,--,--
3/17/2020,12,5,36,162,636,174,672,11,5,32,134,561,593,6,18,0,1,0,0,17,12,2,0,0,0,-,-,--,--,--,--,--,--
3/18/2020,9,8,45,116,752,125,797,11,8,43,97,658,701,3,21,0,1,0,0,20,16,2,0,0,0,-,-,--,--,--,--,--,--
3/19/2020,15,12,60,262,1014,277,1074,17,13,60,232,890,950,2,23,1,2,0,0,21,19,3,0,1,1,-,-,--,--,--,--,--,--
3/20/2020,13,12,73,197,1211,210,1284,13,14,73,177,1067,1140,5,28,0,2,0,0,26,22,4,0,0,1,-,-,--,--,--,--,--,--
3/21/2020,12,13,85,126,1337,138,1422,14,15,87,106,1173,1260,3,31,2,4,0,0,27,25,5,0,0,1,-,-,--,--,--,--,--,--
3/22/2020,27,17,112,282,1619,309,1731,25,17,112,242,1415,1527,2,33,0,4,0,0,29,27,5,0,0,1,-,-,--,--,--,--,--,--
3/23/2020,14,18,126,169,1788,183,1914,16,18,128,153,1568,1696,15,48,1,5,0,0,43,33,9,3,0,1,-,-,--,--,--,--,--,--
3/24/2020,20,20,146,242,2030,262,2176,19,20,147,206,1774,1921,8,56,0,5,0,0,51,41,10,5,0,1,-,-,--,--,--,--,--,--
3/25/2020,26,20,172,182,2212,208,2384,28,21,175,151,1925,2100,4,60,1,6,0,0,54,49,11,4,0,1,-,-,--,--,--,--,--,--
3/26/2020,35,27,207,181,2393,216,2600,41,29,216,152,2077,2293,9,69,5,11,0,0,58,54,14,5,0,1,-,-,--,--,--,--,--,--
3/27/2020,27,29,234,214,2607,241,2841,31,33,247,175,2252,2499,9,78,1,12,1,1,65,59,16,6,2,3,-,-,--,--,--,--,--,--
3/28/2020,59,40,293,260,2867,319,3160,64,45,311,218,2470,2781,11,89,2,14,1,2,73,65,15,6,1,4,-,-,--,--,--,--,--,--
3/29/2020,100,62,393,350,3217,450,3610,105,67,416,275,2745,3161,8,97,3,17,1,3,77,72,18,8,2,6,-,-,--,--,--,--,--,--
3/30/2020,62,74,455,222,3439,284,3894,78,82,494,162,2907,3401,19,116,5,22,0,3,91,80,19,11,3,9,-,-,--,--,--,--,--,--
3/31/2020,71,78,526,369,3808,440,4334,73,85,567,266,3173,3740,11,127,7,29,1,4,94,87,21,13,2,11,-,-,--,--,--,--,--,--
4/1/2020,99,77,625,698,4506,797,5131,100,84,667,543,3716,4383,18,145,7,36,0,4,105,97,29,15,1,12,-,-,--,--,--,--,--,--
4/2/2020,52,74,677,477,4983,529,5660,62,78,729,386,4102,4831,22,167,6,42,2,6,119,106,35,21,4,16,-,-,--,--,--,--,--,--
4/3/2020,108,86,785,774,5757,882,6542,99,87,828,619,4721,5549,23,190,7,49,0,6,135,120,42,25,3,19,-,-,--,--,--,--,--,--
4/4/2020,143,101,928,660,6417,803,7345,138,100,966,550,5271,6237,22,212,4,53,5,11,148,134,40,29,9,28,-,-,--,--,--,--,--,--
4/5/2020,187,146,1115,1156,7573,1343,8688,181,139,1147,921,6192,7339,20,232,9,62,1,12,158,147,43,35,2,30,-,-,--,--,--,--,--,--
4/6/2020,218,183,1333,1706,9279,1924,10612,206,175,1353,1393,7585,8938,26,258,7,69,0,12,177,161,47,39,7,37,-,-,--,--,--,--,--,--
4/7/2020,284,230,1617,1629,10908,1913,12525,260,216,1613,1301,8886,10499,19,277,3,72,2,14,191,175,49,41,5,42,-,-,--,--,--,--,--,--
4/8/2020,290,264,1907,1720,12628,2010,14535,271,246,1884,1374,10260,12144,18,295,8,80,5,19,196,188,49,37,10,52,-,-,--,--,--,--,--,--
4/9/2020,283,286,2190,1516,14144,1799,16334,277,269,2161,1197,11457,13618,32,327,8,88,4,23,216,201,53,40,7,59,-,-,--,--,--,--,--,--
4/10/2020,419,331,2609,2575,16719,2994,19328,400,316,2561,2070,13527,16088,29,356,17,105,5,28,223,212,59,41,11,70,-,-,--,--,--,--,--,--
4/11/2020,298,333,2907,1905,18624,2203,21531,280,319,2841,1516,15043,17884,29,385,11,116,2,30,239,226,61,48,12,82,-,-,--,--,--,--,--,--
4/12/2020,315,344,3222,1670,20294,1985,23516,286,322,3127,1236,16279,19406,35,420,12,128,5,35,257,240,59,49,9,91,-,-,--,--,--,--,--,--
4/13/2020,161,258,3383,935,21229,1096,24612,187,251,3314,739,17018,20332,35,455,13,141,3,38,276,257,64,54,9,100,-,-,--,--,--,--,--,--
4/14/2020,290,255,3673,1787,23016,2077,26689,261,245,3575,1313,18331,21906,27,482,18,159,5,43,280,271,72,53,8,108,-,-,--,--,--,--,--,--
4/15/2020,350,267,4023,1799,24815,2149,28838,306,251,3881,1321,19652,23533,30,512,19,178,3,46,288,281,72,54,17,125,-,-,--,--,--,--,--,--
4/16/2020,447,362,4470,2494,27309,2941,31779,384,317,4265,1800,21452,25717,34,546,23,201,6,52,293,287,72,53,14,139,-,-,--,--,--,--,--,--
4/17/2020,304,367,4774,1822,29131,2126,33905,290,327,4555,1245,22697,27252,31,577,20,221,7,59,297,293,66,45,21,160,-,-,--,--,--,--,--,--
4/18/2020,321,357,5095,1725,30856,2046,35951,285,320,4840,1157,23854,28694,26,603,18,239,4,63,301,297,63,49,15,175,-,-,--,--,--,--,--,--
4/19/2020,381,335,5476,2046,32902,2427,38378,337,304,5177,1527,25381,30558,23,626,26,265,1,64,297,298,65,55,11,186,-,-,--,--,--,--,--,--
4/20/2020,394,365,5870,1907,34809,2301,40679,375,332,5552,1348,26729,32281,45,671,28,293,2,66,312,303,75,56,10,196,-,-,--,--,--,--,--,--
4/21/2020,444,406,6314,2110,36919,2554,43233,383,365,5935,1477,28206,34141,44,715,31,324,5,71,320,310,72,56,18,214,-,-,--,--,--,--,--,--
4/22/2020,418,419,6732,2390,39309,2808,46041,380,379,6315,1626,29832,36147,40,755,31,355,5,76,324,319,73,58,18,232,-,-,--,--,--,--,--,--
4/23/2020,479,447,7211,2469,41778,2948,48989,411,391,6726,1593,31425,38151,31,786,27,382,5,81,323,322,76,62,15,247,-,-,--,--,--,--,--,--
4/24/2020,491,463,7702,3284,45062,3775,52764,405,399,7131,2098,33523,40654,35,821,27,409,4,85,327,325,85,63,15,262,-,-,--,--,--,--,--,--
4/25/2020,393,454,8095,2206,47268,2599,55363,299,372,7430,1461,34984,42414,34,855,17,426,5,90,339,330,85,62,14,276,-,-,--,--,--,--,--,--
4/26/2020,316,400,8411,2309,49577,2625,57988,274,326,7704,1630,36614,44318,33,888,15,441,3,93,354,340,86,59,14,290,-,-,--,--,--,--,--,--
4/27/2020,249,319,8660,1620,51197,1869,59857,206,260,7910,985,37599,45509,28,916,20,461,4,97,358,350,86,61,10,300,-,-,--,--,--,--,--,--
4/28/2020,410,325,9070,2263,53460,2673,62530,330,270,8240,1395,38994,47234,43,959,23,484,3,100,375,362,88,59,22,322,-,-,--,--,--,--,--,--
4/29/2020,476,378,9546,3343,56803,3819,66349,371,302,8611,2021,41015,49626,35,994,38,522,11,111,361,365,78,53,18,340,-,-,--,--,--,--,--,--
4/30/2020,432,439,9978,2769,59572,3201,69550,350,350,8961,1580,42595,51556,30,1024,34,556,6,117,351,362,83,58,24,364,-,-,--,--,--,--,--,--
5/1/2020,454,454,10432,3086,62658,3540,73090,323,348,9284,1794,44389,53673,49,1073,35,591,3,120,362,358,84,59,14,378,-,-,--,--,--,--,--,--
5/2/2020,257,381,10689,1926,64584,2183,75273,193,289,9477,1098,45487,54964,34,1107,38,629,4,124,354,356,94,64,24,402,-,-,--,--,--,--,--,--
5/3/2020,283,331,10972,2160,66744,2443,77716,183,233,9660,1314,46801,56461,30,1137,25,654,8,132,351,356,91,62,21,423,-,-,--,--,--,--,--,--
5/4/2020,387,309,11359,2098,68842,2485,80201,290,222,9950,1371,48172,58122,29,1166,30,684,6,138,344,350,89,59,18,441,-,-,--,--,--,--,--,--
5/5/2020,433,368,11792,2873,71715,3306,83507,300,258,10250,1726,49898,60148,24,1190,27,711,6,144,335,343,83,56,16,457,-,-,--,--,--,--,--,--
5/6/2020,488,436,12280,2830,74545,3318,86825,339,310,10589,1649,51547,62136,26,1216,42,753,9,153,310,330,81,56,21,478,-,-,--,--,--,--,--,--
5/7/2020,425,449,12705,2969,77514,3394,90219,270,303,10859,1663,53210,64069,32,1248,39,792,6,159,297,314,73,54,21,499,-,-,--,--,--,--,--,--
5/8/2020,359,424,13064,2598,80112,2957,93176,229,279,11088,1452,54662,65750,29,1277,26,818,7,166,293,300,73,55,22,521,-,-,--,--,--,--,--,--
5/9/2020,467,417,13531,3346,83458,3813,96989,288,262,11376,1955,56617,67993,19,1296,18,836,4,170,290,293,71,53,15,536,-,-,--,--,--,--,--,--
5/10/2020,285,370,13816,2117,85575,2402,99391,190,236,11566,1324,57941,69507,18,1314,21,857,6,176,281,288,72,51,14,550,-,-,--,--,--,--,--,--
5/11/2020,257,336,14073,1857,87432,2114,101505,173,217,11739,1152,59093,70832,30,1344,15,872,6,182,290,287,73,51,15,565,-,-,--,--,--,--,--,--
5/12/2020,387,310,14460,2611,90043,2998,104503,225,196,11964,1422,60515,72479,23,1367,18,890,4,186,291,287,71,50,22,587,-,-,--,--,--,--,--,--
5/13/2020,351,332,14811,3632,93675,3983,108486,199,199,12163,1718,62233,74396,23,1390,25,915,1,187,288,290,71,51,13,600,-,-,--,--,--,--,--,--
5/14/2020,329,356,15140,3407,97082,3736,112222,233,219,12396,1742,63975,76371,18,1408,26,941,3,190,277,285,66,47,15,615,-,-,--,--,--,--,--,--
5/15/2020,381,354,15521,3457,100539,3838,116060,232,221,12628,1591,65566,78194,24,1432,40,981,5,195,256,274,63,47,14,629,-,-,--,--,--,--,--,--
5/16/2020,449,386,15970,4156,104695,4605,120665,247,237,12875,1694,67260,80135,25,1457,15,996,5,200,261,265,62,47,15,644,-,-,--,--,--,--,--,--
5/17/2020,240,357,16210,2768,107463,3008,123673,126,202,13001,1360,68620,81621,17,1474,9,1005,5,205,264,260,60,46,10,654,-,-,--,--,--,--,--,--
5/18/2020,250,313,16460,2001,109464,2251,125924,134,169,13135,1233,69853,82988,18,1492,15,1020,5,210,262,262,58,41,18,672,-,-,--,--,--,--,--,--
5/19/2020,415,302,16875,3168,112632,3583,129507,215,158,13350,1730,71583,84933,23,1515,33,1053,5,215,247,258,57,39,11,683,-,-,--,--,--,--,--,--
5/20/2020,326,330,17201,2771,115403,3097,132604,183,177,13533,1365,72948,86481,19,1534,23,1076,7,222,236,248,53,34,22,705,-,-,--,--,--,--,--,--
5/21/2020,374,372,17575,3757,119160,4131,136735,168,189,13701,1744,74692,88393,25,1559,15,1091,3,225,243,242,54,30,20,725,-,-,--,--,--,--,--,--
5/22/2020,351,350,17926,3161,122321,3512,140247,206,186,13907,1418,76110,90017,20,1579,28,1119,5,230,230,236,53,30,11,736,-,-,--,--,--,--,--,--
5/23/2020,253,326,18179,2742,125063,2995,143242,109,161,14016,1139,77249,91265,19,1598,11,1130,3,233,235,236,53,33,13,749,-,-,--,--,--,--,--,--
5/24/2020,164,256,18343,1370,126433,1534,144776,84,133,14100,694,77943,92043,13,1611,14,1144,2,235,232,232,54,36,8,757,-,-,--,--,--,--,--,--
5/25/2020,147,188,18490,1385,127818,1532,146308,77,90,14177,637,78580,92757,14,1625,14,1158,0,235,232,233,54,34,10,767,-,-,--,--,--,--,--,--
5/26/2020,284,198,18774,2620,130438,2904,149212,158,106,14335,1467,80047,94382,24,1649,21,1179,5,240,230,231,49,33,15,782,-,-,--,--,--,--,--,--
5/27/2020,276,236,19050,2058,132496,2334,151546,132,122,14467,1028,81075,95542,20,1669,18,1197,3,243,229,230,51,33,10,792,-,-,--,--,--,--,--,--
5/28/2020,348,303,19398,3359,135855,3707,155253,130,140,14597,983,82058,96655,16,1685,27,1224,4,247,214,224,47,32,8,800,-,-,--,--,--,--,--,--
5/29/2020,410,345,19808,3915,139770,4325,159578,175,146,14772,1383,83441,98213,19,1704,26,1250,7,254,200,214,43,31,12,812,-,-,--,--,--,--,--,--
5/30/2020,225,328,20033,3915,143685,4140,163718,109,138,14881,1556,84997,99878,16,1720,19,1269,4,258,193,202,41,29,12,824,-,-,--,--,--,--,--,--
5/31/2020,155,263,20188,1690,145375,1845,165563,78,121,14959,751,85748,100707,11,1731,12,1281,1,259,191,195,44,26,3,827,-,-,--,--,--,--,--,--
6/1/2020,212,197,20400,2792,148167,3004,168567,93,93,15052,1240,86988,102040,8,1739,13,1294,1,260,185,190,45,29,5,832,-,-,--,--,--,--,--,--
6/2/2020,273,213,20673,3021,151188,3294,171861,98,90,15150,1284,88272,103422,8,1747,9,1303,3,263,181,186,38,25,10,842,-,-,--,--,--,--,--,--
6/3/2020,254,246,20927,3486,154674,3740,175601,99,97,15249,1505,89777,105026,13,1760,17,1320,6,269,171,179,34,25,11,853,-,-,--,--,--,--,--,--
6/4/2020,276,268,21203,4471,159145,4747,180348,107,101,15356,1799,91576,106932,7,1767,26,1346,4,273,148,167,31,24,12,865,-,-,--,--,--,--,--,--
6/5/2020,215,248,21418,3513,162658,3728,184076,99,102,15455,1351,92927,108382,15,1782,13,1359,6,279,144,154,27,21,11,876,-,-,--,--,--,--,--,--
6/6/2020,201,231,21619,2616,165274,2817,186893,67,91,15522,998,93925,109447,9,1791,6,1365,2,281,145,146,29,19,6,882,-,-,--,--,--,--,--,--
6/7/2020,83,166,21702,1625,166899,1708,188601,50,72,15572,716,94641,110213,11,1802,7,1372,1,282,148,146,25,17,4,886,-,-,--,--,--,--,--,--
6/8/2020,119,134,21821,1849,168748,1968,190569,44,54,15616,874,95515,111131,15,1817,13,1385,2,284,148,147,27,18,4,890,-,-,--,--,--,--,--,--
6/9/2020,223,142,22044,2674,171422,2897,193466,64,53,15680,1133,96648,112328,10,1827,19,1404,0,284,139,145,28,21,1,891,-,-,--,--,--,--,--,--
6/10/2020,209,184,22253,2987,174409,3196,196662,101,70,15781,1345,97993,113774,13,1840,12,1416,2,286,138,142,24,17,4,895,-,-,--,--,--,--,--,--
6/11/2020,195,209,22448,3514,177923,3709,200371,88,84,15869,1393,99386,115255,6,1846,14,1430,1,287,129,135,25,16,6,901,-,-,--,--,--,--,--,--
6/12/2020,209,204,22657,4601,182524,4810,205181,78,89,15947,1876,101262,117209,9,1855,16,1446,1,288,121,129,24,16,2,903,-,-,--,--,--,--,--,--
6/13/2020,113,172,22770,3036,185560,3149,208330,49,72,15996,1184,102446,118442,6,1861,5,1451,0,288,122,124,20,15,3,906,-,-,--,--,--,--,--,--
6/14/2020,81,134,22851,2046,187606,2127,210457,33,53,16029,890,103336,119365,7,1868,8,1459,1,289,120,121,20,14,3,909,-,-,--,--,--,--,--,--
6/15/2020,188,127,23039,3107,190713,3295,213752,75,52,16104,1633,104969,121073,14,1882,19,1478,0,289,115,119,20,16,5,914,-,-,--,--,--,--,--,--
6/16/2020,110,126,23149,3017,193730,3127,216879,50,53,16154,1408,106377,122531,11,1893,9,1487,1,290,116,117,22,16,8,922,-,-,--,--,--,--,--,--
6/17/2020,127,142,23276,2835,196565,2962,219841,51,59,16205,1208,107585,123790,15,1908,20,1507,4,294,107,113,18,14,6,928,-,-,--,--,--,--,--,--
6/18/2020,149,129,23425,3049,199614,3198,223039,70,57,16275,1195,108780,125055,9,1917,15,1522,1,295,100,108,19,16,7,935,-,-,--,--,--,--,--,--
6/19/2020,141,139,23566,3769,203383,3910,226949,59,60,16334,1231,110011,126345,13,1930,12,1534,1,296,100,102,21,18,3,938,-,-,--,--,--,--,--,--
6/20/2020,84,125,23650,1891,205274,1975,228924,36,55,16370,738,110749,127119,8,1938,11,1545,0,296,97,99,21,19,4,942,-,-,--,--,--,--,--,--
6/21/2020,37,87,23687,1064,206338,1101,230025,30,42,16400,628,111377,127777,8,1946,5,1550,0,296,100,99,21,19,2,944,-,-,--,--,--,--,--,--
6/22/2020,138,86,23825,3730,210068,3868,233893,65,44,16465,1557,112934,129399,11,1957,16,1566,0,296,95,97,20,19,2,946,-,-,--,--,--,--,--,--
6/23/2020,163,113,23988,3831,213899,3994,237887,81,59,16546,1635,114569,131115,3,1960,13,1579,3,299,82,92,19,19,7,953,-,-,--,--,--,--,--,--
6/24/2020,120,140,24108,3502,217401,3622,241509,45,64,16591,1531,116100,132691,9,1969,10,1589,1,300,80,86,19,19,5,958,-,-,--,--,--,--,--,--
6/25/2020,103,129,24211,2883,220284,2986,244495,51,59,16642,1361,117461,134103,6,1975,14,1603,1,301,71,78,18,18,1,959,-,-,--,--,--,--,--,--
6/26/2020,94,106,24305,2488,222772,2582,247077,60,52,16702,1234,118695,135397,2,1977,10,1613,0,301,63,71,19,19,1,960,-,-,--,--,--,--,--,--
6/27/2020,84,94,24389,3216,225988,3300,250377,37,49,16739,1115,119810,136549,5,1982,3,1616,1,302,64,66,18,18,5,965,-,-,--,--,--,--,--,--
6/28/2020,39,72,24428,1469,227457,1508,251885,17,38,16756,550,120360,137116,4,1986,4,1620,4,306,60,62,16,15,6,971,-,-,--,--,--,--,--,--
6/29/2020,85,69,24513,3696,231153,3781,255666,40,31,16796,1240,121600,138396,4,1990,5,1625,0,306,59,61,15,15,1,972,-,-,--,--,--,--,--,--
6/30/2020,58,61,24571,1958,233111,2016,257682,33,30,16829,913,122513,139342,1,1991,5,1630,1,307,54,58,13,12,5,977,-,-,--,--,--,--,--,--
7/1/2020,144,96,24715,4099,237210,4243,261925,79,51,16908,1749,124262,141170,8,1999,10,1640,0,307,52,55,12,12,1,978,-,-,--,--,--,--,--,--
7/2/2020,103,102,24818,2803,240013,2906,264831,59,57,16967,980,125242,142209,5,2004,5,1645,1,308,51,52,11,11,3,981,-,-,--,--,--,--,--,--
7/3/2020,50,99,24868,2079,242092,2129,266960,24,54,16991,722,125964,142955,9,2013,6,1651,0,308,54,52,10,10,3,984,-,-,--,--,--,--,--,--
7/4/2020,57,70,24925,2345,244437,2402,269362,33,39,17024,921,126885,143909,2,2015,4,1655,1,309,51,52,11,10,2,986,-,-,--,--,--,--,--,--
7/5/2020,49,52,24974,2932,247369,2981,272343,26,28,17050,1317,128202,145252,1,2016,2,1657,1,310,49,51,9,9,2,988,-,-,--,--,--,--,--,--
7/6/2020,101,69,25075,2814,250183,2915,275258,57,39,17107,1434,129636,146743,5,2021,5,1662,0,310,49,50,10,10,4,992,-,-,--,--,--,--,--,--
7/7/2020,81,77,25156,3458,253641,3539,278797,47,43,17154,1417,131053,148207,5,2026,7,1669,0,310,47,48,9,9,2,994,-,-,--,--,--,--,--,--
7/8/2020,105,96,25261,3409,257050,3514,282311,64,56,17218,1291,132344,149562,4,2030,2,1671,0,310,49,48,10,9,0,994,-,-,--,--,--,--,--,--
7/9/2020,94,93,25355,3714,260764,3808,286119,50,54,17268,1485,133829,151097,9,2039,3,1674,0,310,55,50,10,9,0,994,-,-,--,--,--,--,--,--
7/10/2020,132,110,25487,4437,265201,4569,290688,80,65,17348,1896,135725,153073,6,2045,3,1677,2,312,56,53,8,7,3,997,-,-,--,--,--,--,--,--
7/11/2020,63,96,25550,2938,268139,3001,293689,36,55,17384,1203,136928,154312,6,2051,3,1680,1,313,58,56,7,6,3,1000,-,-,--,--,--,--,--,--
7/12/2020,47,81,25597,1838,269977,1885,295574,34,50,17418,866,137794,155212,1,2052,3,1683,1,314,55,56,7,5,3,1003,-,-,--,--,--,--,--,--
7/13/2020,84,65,25681,3209,273186,3293,298867,61,44,17479,1380,139174,156653,8,2060,10,1693,0,314,53,55,7,5,1,1004,-,-,--,--,--,--,--,--
7/14/2020,74,68,25755,3299,276485,3373,302240,44,46,17523,1291,140465,157988,7,2067,4,1697,0,314,56,55,5,5,1,1005,-,-,--,--,--,--,--,--
7/15/2020,130,96,25885,4181,280666,4311,306551,100,68,17623,1595,142060,159683,5,2072,7,1704,0,314,54,54,5,4,0,1005,-,-,--,--,--,--,--,--
7/16/2020,103,102,25988,3740,284406,3843,310394,76,73,17699,1480,143540,161239,6,2078,9,1713,0,314,51,54,6,5,1,1006,-,-,--,--,--,--,--,--
7/17/2020,156,130,26144,4239,288645,4395,314789,79,85,17778,1709,145249,163027,14,2092,3,1716,1,315,61,55,5,5,2,1008,-,-,--,--,--,--,--,--
7/18/2020,85,115,26229,3272,291917,3357,318146,70,75,17848,1291,146540,164388,5,2097,9,1725,1,316,56,56,5,4,4,1012,-,-,--,--,--,--,--,--
7/19/2020,82,108,26311,2696,294613,2778,320924,57,69,17905,1056,147596,165501,7,2104,3,1728,0,316,60,59,6,4,2,1014,-,-,--,--,--,--,--,--
7/20/2020,71,79,26382,2667,297280,2738,323662,68,65,17973,1346,148942,166915,9,2113,7,1735,0,316,62,59,7,5,2,1016,-,-,--,--,--,--,--,--
7/21/2020,130,94,26512,4304,301584,4434,328096,108,78,18081,1746,150688,168769,9,2122,11,1746,0,316,60,61,9,6,1,1017,-,-,--,--,--,--,--,--
7/22/2020,130,110,26642,3928,305512,4058,332154,86,87,18167,1542,152230,170397,7,2129,8,1754,1,317,58,60,7,6,1,1018,-,-,--,--,--,--,--,--
7/23/2020,141,134,26783,4414,309926,4555,336709,115,103,18282,1805,154035,172317,8,2137,6,1760,0,317,60,59,8,7,0,1018,-,-,--,--,--,--,--,--
7/24/2020,172,148,26955,5966,315892,6138,342847,119,107,18401,2114,156149,174550,15,2152,12,1772,0,317,63,60,9,7,0,1018,-,-,--,--,--,--,--,--
7/25/2020,134,149,27089,4398,320290,4532,347379,107,114,18508,1948,158097,176605,7,2159,7,1779,0,317,63,62,10,8,3,1021,-,-,--,--,--,--,--,--
7/26/2020,62,123,27151,3032,323322,3094,350473,54,93,18562,1210,159307,177869,7,2166,8,1787,0,317,62,63,11,7,1,1022,-,-,--,--,--,--,--,--
7/27/2020,188,128,27339,4191,327513,4379,354852,139,100,18701,2131,161438,180139,12,2178,7,1794,0,317,67,64,13,8,1,1023,-,-,--,--,--,--,--,--
7/28/2020,105,118,27444,3841,331354,3946,358798,95,96,18796,1507,162945,181741,5,2183,5,1799,0,317,67,65,14,7,1,1024,-,-,--,--,--,--,--,--
7/29/2020,190,161,27634,5140,336494,5330,364128,153,129,18949,2109,165054,184003,9,2192,10,1809,0,317,66,67,15,7,0,1024,-,-,--,--,--,--,--,--
7/30/2020,121,139,27755,4345,340839,4466,368594,96,115,19045,1500,166554,185599,6,2198,2,1811,1,318,69,67,15,6,1,1025,-,-,--,--,--,--,--,--
7/31/2020,131,147,27886,5512,346351,5643,374237,89,113,19134,1670,168224,187358,7,2205,9,1820,0,318,67,67,15,7,1,1026,-,-,--,--,--,--,--,--
8/1/2020,109,120,27995,4294,350645,4403,378640,89,91,19223,1420,169644,188867,7,2212,2,1822,0,318,72,69,14,7,1,1027,-,-,--,--,--,--,--,--
8/2/2020,84,108,28079,2804,353449,2888,381528,62,80,19285,1181,170825,190110,12,2224,12,1834,2,320,70,70,14,8,2,1029,-,-,--,--,--,--,--,--
8/3/2020,188,127,28267,5248,358697,5436,386964,150,100,19435,2025,172850,192285,11,2235,10,1844,0,320,71,71,16,7,1,1030,-,-,--,--,--,--,--,--
8/4/2020,125,132,28392,3691,362388,3816,390780,99,104,19534,1625,174475,194009,8,2243,5,1849,1,321,73,71,12,5,2,1032,-,-,--,--,--,--,--,--
8/5/2020,147,153,28539,5933,368321,6080,396860,119,123,19653,2260,176735,196388,10,2253,8,1857,1,322,74,73,10,5,2,1034,-,-,--,--,--,--,--,--
8/6/2020,169,147,28708,5546,373867,5715,402575,120,113,19773,2154,178889,198662,7,2260,9,1866,0,322,72,73,9,4,0,1034,-,-,--,--,--,--,--,--
8/7/2020,123,146,28831,4852,378719,4975,407550,87,109,19860,1949,180838,200698,12,2272,9,1875,1,323,74,73,9,3,2,1036,-,-,--,--,--,--,--,--
8/8/2020,123,138,28954,4113,382832,4236,411786,91,99,19951,1649,182487,202438,18,2290,5,1880,1,324,86,77,8,3,1,1037,-,-,--,--,--,--,--,--
8/9/2020,42,96,28996,1726,384558,1768,413554,35,71,19986,976,183463,203449,6,2296,8,1888,0,324,84,81,9,4,0,1037,-,-,--,--,--,--,--,--
8/10/2020,149,105,29145,4586,389144,4735,418289,113,80,20099,1864,185327,205426,8,2304,9,1897,0,324,83,84,9,4,1,1038,-,-,--,--,--,--,--,--
8/11/2020,106,99,29251,4334,393478,4440,422729,91,80,20190,2096,187423,207613,5,2309,13,1910,0,324,75,81,10,4,3,1041,-,-,--,--,--,--,--,--
8/12/2020,121,125,29372,5190,398668,5311,428040,102,102,20292,2399,189822,210114,8,2317,11,1921,0,324,72,77,9,3,1,1042,-,-,--,--,--,--,--,--
8/13/2020,135,121,29507,4196,402864,4331,432371,95,96,20387,1752,191574,211961,13,2330,12,1933,0,324,73,73,11,3,0,1042,-,-,--,--,--,--,--,--
8/14/2020,145,134,29652,5499,408363,5644,438015,98,98,20485,1798,193372,213857,13,2343,11,1944,0,324,75,73,11,4,3,1045,-,-,--,--,--,--,--,--
8/15/2020,106,129,29758,4534,412897,4640,442655,87,93,20572,1558,194930,215502,9,2352,11,1955,1,325,72,73,11,5,0,1045,-,-,--,--,--,--,--,--
8/16/2020,83,111,29841,2476,415373,2559,445214,70,85,20642,880,195810,216452,6,2358,5,1960,4,329,69,72,8,4,7,1052,-,-,--,--,--,--,--,--
8/17/2020,106,98,29947,4575,419948,4681,449895,87,81,20729,2200,198010,218739,8,2366,6,1966,0,329,71,71,8,5,2,1054,-,-,--,--,--,--,--,--
8/18/2020,128,106,30075,4912,424860,5040,454935,93,83,20822,2540,200550,221372,11,2377,8,1974,1,330,73,71,8,4,5,1059,-,-,--,--,--,--,--,--
8/19/2020,113,116,30188,5077,429937,5190,460125,90,90,20912,2429,202979,223891,8,2385,9,1983,1,331,71,72,9,5,0,1059,-,-,--,--,--,--,--,--
8/20/2020,173,138,30361,7410,437347,7583,467708,138,107,21050,3249,206228,227278,12,2397,6,1989,2,333,75,73,10,5,3,1062,-,-,--,--,--,--,--,--
8/21/2020,152,146,30513,6578,443925,6730,474438,125,118,21175,2689,208917,230092,8,2405,5,1994,1,334,77,74,9,4,2,1064,-,-,--,--,--,--,--,--
8/22/2020,96,140,30609,5551,449476,5647,480085,84,116,21259,2360,211277,232536,11,2416,12,2006,0,334,76,76,11,4,1,1065,-,-,--,--,--,--,--,--
8/23/2020,72,107,30681,4375,453851,4447,484532,56,88,21315,2256,213533,234848,10,2426,6,2012,0,334,80,78,12,2,1,1066,-,-,--,--,--,--,--,--
8/24/2020,105,91,30786,5784,459635,5889,490421,77,72,21392,2897,216430,237822,7,2433,10,2022,1,335,76,77,14,4,1,1067,-,-,--,--,--,--,--,--
8/25/2020,108,95,30894,4764,464399,4872,495293,93,75,21485,2129,218559,240044,10,2443,4,2026,1,336,81,79,12,4,1,1068,-,-,--,--,--,--,--,--
8/26/2020,170,128,31064,9482,473881,9652,504945,127,99,21612,2844,221403,243015,4,2447,8,2034,0,336,77,78,10,5,1,1069,-,-,--,--,--,--,--,--
8/27/2020,91,123,31155,8566,482447,8657,513602,69,96,21681,2911,224314,245995,6,2453,13,2047,1,337,69,76,7,5,2,1071,-,-,--,--,--,--,--,--
8/28/2020,113,125,31268,7993,490440,8106,521708,86,94,21767,2231,226545,248312,14,2467,3,2050,0,337,80,75,10,7,2,1073,-,-,--,--,--,--,--,--
8/29/2020,65,90,31333,5375,495815,5440,527148,52,69,21819,1780,228325,250144,6,2473,8,2058,1,338,77,75,11,6,2,1075,-,-,--,--,--,--,--,--
8/30/2020,66,81,31399,4323,500138,4389,531537,48,62,21867,1855,230180,252047,7,2480,4,2062,0,338,80,79,9,5,2,1077,-,-,--,--,--,--,--,--
8/31/2020,105,79,31504,4864,505002,4969,536506,81,60,21948,2045,232225,254173,12,2492,16,2078,0,338,76,78,8,4,1,1078,-,-,--,--,--,--,--,--
9/1/2020,99,90,31603,7109,512111,7208,543714,66,65,22014,2219,234444,256458,6,2498,9,2087,1,339,72,76,7,4,2,1080,-,-,--,--,--,--,--,--
9/2/2020,125,110,31728,10528,522639,10653,554367,104,84,22118,2827,237271,259389,9,2507,10,2097,1,340,70,73,8,4,2,1082,-,-,--,--,--,--,--,--
9/3/2020,90,105,31818,11080,533719,11170,565537,73,81,22191,2365,239636,261827,8,2515,8,2105,0,340,70,71,9,4,3,1085,-,-,--,--,--,--,--,--
9/4/2020,103,106,31921,8962,542681,9065,574602,82,86,22273,2183,241819,264092,11,2526,4,2109,0,340,77,72,9,4,1,1086,-,-,--,--,--,--,--,--
9/5/2020,53,82,31974,6307,548988,6360,580962,42,66,22315,1470,243289,265604,6,2532,9,2118,0,340,74,74,8,3,1,1087,-,-,--,--,--,--,--,--
9/6/2020,88,81,32062,4325,553313,4413,585375,65,63,22380,1782,245071,267451,4,2536,8,2126,1,341,69,73,6,3,1,1088,-,-,--,--,--,--,--,--
9/7/2020,35,59,32097,3002,556315,3037,588412,26,44,22406,595,245666,268072,11,2547,3,2129,0,341,77,73,5,3,1,1089,-,-,--,--,--,--,--,--
9/8/2020,74,66,32171,6380,562695,6454,594866,66,52,22472,1455,247121,269593,6,2553,12,2141,1,342,70,72,6,3,2,1091,-,-,--,--,--,--,--,--
9/9/2020,118,76,32289,8650,571345,8768,603634,102,65,22574,1969,249090,271664,10,2563,5,2146,1,343,74,74,9,3,1,1092,-,-,--,--,--,--,--,--
9/10/2020,164,119,32453,11334,582679,11498,615132,111,93,22685,2077,251167,273852,9,2572,8,2154,0,343,75,73,10,3,1,1093,-,-,--,--,--,--,--,--
9/11/2020,120,134,32573,9455,592134,9575,624707,95,103,22780,1807,252974,275754,10,2582,10,2164,0,343,75,75,10,5,0,1093,-,-,--,--,--,--,--,--
9/12/2020,110,131,32683,6158,598292,6268,630975,97,101,22877,1373,254347,277224,8,2590,5,2169,2,345,76,75,9,5,3,1096,-,-,--,--,--,--,--,--
9/13/2020,58,96,32741,2717,601009,2775,633750,53,82,22930,801,255148,278078,4,2594,3,2172,0,345,77,76,10,5,0,1096,-,-,--,--,--,--,--,--
9/14/2020,104,91,32845,6434,607443,6538,640288,96,82,23026,1571,256719,279745,6,2600,3,2175,2,347,78,77,10,5,2,1098,-,-,--,--,--,--,--,--
9/15/2020,122,95,32967,8456,615899,8578,648866,123,91,23149,2005,258724,281873,7,2607,2,2177,1,348,82,79,10,5,2,1100,-,-,--,--,--,--,--,--
9/16/2020,137,121,33104,9707,625606,9844,658710,117,112,23266,1811,260535,283801,7,2614,7,2184,2,350,80,80,9,6,5,1105,-,-,--,--,--,--,--,--
9/17/2020,125,128,33229,9228,634834,9353,668063,151,130,23417,1774,262309,285726,7,2621,15,2199,0,350,72,78,8,4,0,1105,-,-,--,--,--,--,--,--
9/18/2020,132,131,33361,10027,644861,10159,678222,131,133,23548,1757,264066,287614,7,2628,7,2206,1,351,71,74,11,6,2,1107,-,-,--,--,--,--,--,--
9/19/2020,115,124,33476,8292,653153,8407,686629,111,131,23659,1572,265638,289297,7,2635,3,2209,0,351,75,73,10,6,4,1111,-,-,--,--,--,--,--,--
9/20/2020,60,102,33536,3676,656829,3736,690365,49,97,23708,1216,266854,290562,7,2642,6,2215,2,353,74,73,9,8,4,1115,-,-,--,--,--,--,--,--
9/21/2020,102,92,33638,7007,663836,7109,697474,95,85,23803,2265,269119,292922,12,2654,3,2218,2,355,81,77,8,6,2,1117,-,-,--,--,--,--,--,--
9/22/2020,154,105,33792,9275,673111,9429,706903,123,89,23926,2014,271133,295059,12,2666,3,2221,1,356,89,81,7,5,1,1118,-,-,--,--,--,--,--,--
9/23/2020,136,131,33928,10637,683748,10773,717676,128,115,24054,2041,273174,297228,13,2679,7,2228,0,356,95,88,6,5,0,1118,-,-,--,--,--,--,--,--
9/24/2020,120,137,34048,12468,696216,12588,730264,117,123,24171,2902,276076,300247,7,2686,8,2236,1,357,93,92,7,5,1,1119,-,-,--,--,--,--,--,--
9/25/2020,150,135,34198,10546,706762,10696,740960,143,129,24314,2749,278825,303139,9,2695,10,2246,0,357,92,93,6,5,1,1120,-,-,--,--,--,--,--,--
9/26/2020,147,139,34345,10556,717318,10703,751663,120,127,24434,2280,281105,305539,12,2707,8,2254,1,358,95,93,6,5,1,1121,-,-,--,--,--,--,--,--
9/27/2020,43,113,34388,2764,720082,2807,754470,34,99,24468,787,281892,306360,7,2714,5,2259,0,358,97,95,9,5,0,1121,-,-,--,--,--,--,--,--
9/28/2020,156,115,34544,7294,727376,7450,761920,137,97,24605,2106,283998,308603,7,2721,7,2266,2,360,95,96,7,5,2,1123,-,-,--,--,--,--,--,--
9/29/2020,203,134,34747,11034,738410,11237,773157,185,119,24790,2585,286583,311373,12,2733,18,2284,1,361,88,93,6,6,1,1124,-,-,--,--,--,--,--,--
9/30/2020,223,194,34970,12218,750628,12441,785598,189,170,24979,2373,288956,313935,6,2739,6,2290,0,361,88,90,6,6,1,1125,-,-,--,--,--,--,--,--
10/1/2020,184,203,35154,12492,763120,12676,798274,166,180,25145,2194,291150,316295,17,2756,13,2303,1,362,91,89,6,4,2,1127,-,-,--,--,--,--,--,--
10/2/2020,209,205,35363,12149,775269,12358,810632,183,179,25328,2295,293445,318773,14,2770,13,2316,1,363,91,90,8,5,2,1129,-,-,--,--,--,--,--,--
10/3/2020,157,183,35520,9304,784573,9461,820093,131,160,25459,1865,295310,320769,8,2778,8,2324,2,365,89,90,9,4,2,1131,-,-,--,--,--,--,--,--
10/4/2020,81,149,35601,2369,786942,2450,822543,77,130,25536,876,296186,321722,11,2789,9,2333,1,366,90,90,8,5,2,1133,-,-,--,--,--,--,--,--
10/5/2020,175,138,35776,8963,795905,9138,831681,160,123,25696,2807,298993,324689,29,2818,9,2342,2,368,108,96,9,6,4,1137,-,-,--,--,--,--,--,--
10/6/2020,189,148,35965,11190,807095,11379,843060,187,141,25883,2667,301660,327543,11,2829,4,2346,0,368,115,104,11,7,0,1137,-,-,--,--,--,--,--,--
10/7/2020,244,203,36209,12443,819538,12687,855747,243,197,26126,3250,304910,331036,13,2842,14,2360,2,370,112,112,9,7,2,1139,-,-,--,--,--,--,--,--
10/8/2020,283,239,36492,15222,834760,15505,871252,275,235,26401,3855,308765,335166,17,2859,13,2373,2,372,114,114,7,5,4,1143,-,-,--,--,--,--,--,--
10/9/2020,231,253,36723,13729,848489,13960,885212,200,239,26601,3868,312633,339234,21,2880,12,2385,0,372,123,116,10,7,3,1146,-,-,--,--,--,--,--,--
10/10/2020,232,249,36955,13829,862318,14061,899273,192,222,26793,3482,316115,342908,18,2898,9,2394,1,373,131,123,13,7,2,1148,-,-,--,--,--,--,--,--
10/11/2020,100,188,37055,3264,865582,3364,902637,88,160,26881,1082,317197,344078,11,2909,8,2402,1,374,133,129,14,5,6,1154,-,-,--,--,--,--,--,--
10/12/2020,170,167,37225,6420,872002,6590,909227,157,146,27038,1591,318788,345826,19,2928,15,2417,2,376,135,133,14,5,5,1159,-,-,--,--,--,--,--,--
10/13/2020,230,167,37455,8518,880520,8748,917975,213,153,27251,2150,320938,348189,16,2944,13,2430,4,380,134,134,13,5,7,1166,-,-,--,--,--,--,--,--
10/14/2020,351,250,37806,15033,895553,15384,933359,304,225,27555,3713,324651,352206,17,2961,7,2437,0,380,144,138,15,5,2,1168,-,-,--,--,--,--,--,--
10/15/2020,276,286,38082,14627,910180,14903,948262,252,256,27807,3308,327959,355766,11,2972,15,2452,1,381,139,139,13,5,2,1170,-,-,--,--,--,--,--,--
10/16/2020,291,306,38373,15008,925188,15299,963561,276,277,28083,3108,331067,359150,13,2985,18,2470,1,382,133,139,13,4,2,1172,-,-,--,--,--,--,--,--
10/17/2020,363,310,38736,14062,939250,14425,977986,308,279,28391,2992,334059,362450,19,3004,11,2481,1,383,140,137,17,4,2,1174,-,-,--,--,--,--,--,--
10/18/2020,155,270,38891,4039,943289,4194,982180,125,236,28516,1208,335267,363783,18,3022,11,2492,0,383,147,140,17,6,2,1176,-,-,--,--,--,--,--,--
10/19/2020,388,302,39279,8493,951782,8881,991061,318,250,28834,2390,337657,366491,20,3042,21,2513,2,385,144,144,15,6,1,1177,-,-,--,--,--,--,--,--
10/20/2020,440,328,39719,13246,965028,13686,1004747,383,275,29217,2788,340445,369662,22,3064,16,2529,0,385,150,147,14,8,4,1181,-,-,--,--,--,--,--,--
10/21/2020,552,460,40271,17462,982490,18014,1022761,469,390,29686,3214,343659,373345,23,3087,8,2537,2,387,163,152,15,9,3,1184,-,-,--,--,--,--,--,--
10/22/2020,542,511,40813,15867,998357,16409,1039170,485,446,30171,2950,346609,376780,23,3110,20,2557,3,390,163,159,14,9,3,1187,-,-,--,--,--,--,--,--
10/23/2020,517,537,41330,16638,1014995,17155,1056325,460,471,30631,2625,349234,379865,22,3132,22,2579,1,391,162,163,15,9,3,1190,-,-,--,--,--,--,--,--
10/24/2020,361,473,41691,10254,1025249,10615,1066940,336,427,30967,2089,351323,382290,17,3149,10,2589,0,391,169,165,14,8,1,1191,-,-,--,--,--,--,--,--
10/25/2020,236,371,41927,4765,1030014,5001,1071941,211,336,31178,1344,352667,383845,16,3165,15,2604,1,392,169,167,15,8,2,1193,-,-,--,--,--,--,--,--
10/26/2020,456,351,42383,9173,1039187,9629,1081570,401,316,31579,2765,355432,387011,28,3193,15,2619,2,394,180,173,18,8,3,1196,-,-,--,--,--,--,--,--
10/27/2020,522,405,42905,13996,1053183,14518,1096088,455,356,32034,2225,357657,389691,28,3221,14,2633,2,396,192,180,18,9,5,1201,-,-,--,--,--,--,--,--
10/28/2020,469,482,43374,15228,1068411,15697,1111785,410,422,32444,2498,360155,392599,24,3245,25,2658,1,397,190,187,17,9,3,1204,-,-,--,--,--,--,--,--
10/29/2020,612,534,43986,16262,1084673,16874,1128659,526,464,32970,2928,363083,396053,20,3265,22,2680,3,400,185,189,19,11,4,1208,-,-,--,--,--,--,--,--
10/30/2020,565,549,44551,14866,1099539,15431,1144090,471,469,33441,2744,365827,399268,21,3286,21,2701,5,405,180,185,19,9,5,1213,-,-,--,--,--,--,--,--
10/31/2020,602,593,45153,11821,1111360,12423,1156513,486,494,33927,2257,368084,402011,32,3318,13,2714,1,406,198,188,23,10,3,1216,-,-,--,--,--,--,--,--
11/1/2020,330,499,45483,5092,1116452,5422,1161935,275,411,34202,1168,369252,403454,22,3340,15,2729,1,407,204,194,27,13,4,1220,-,-,--,--,--,--,--,--
11/2/2020,525,486,46008,9935,1126387,10460,1172395,456,406,34658,2746,371998,406656,38,3378,27,2756,3,410,212,205,25,13,6,1226,-,-,--,--,--,--,--,--
11/3/2020,601,485,46609,13041,1139428,13642,1186037,529,420,35187,2328,374326,409513,33,3411,25,2781,1,411,219,212,25,13,1,1227,-,-,--,--,--,--,--,--
11/4/2020,689,605,47298,16106,1155534,16795,1202832,639,541,35826,2723,377049,412875,32,3443,25,2806,2,413,224,218,26,12,4,1231,-,-,--,--,--,--,--,--
11/5/2020,768,686,48066,16597,1172131,17365,1220197,682,617,36508,2646,379695,416203,46,3489,35,2841,1,414,234,226,25,14,4,1235,-,-,--,--,--,--,--,--
11/6/2020,774,744,48840,16029,1188160,16803,1237000,692,671,37200,2834,382529,419729,43,3532,31,2872,1,415,245,234,29,17,5,1240,-,-,--,--,--,--,--,--
11/7/2020,603,715,49443,13652,1201812,14255,1251255,575,650,37775,2295,384824,422599,34,3566,25,2897,1,416,253,244,32,18,1,1241,-,-,--,--,--,--,--,--
11/8/2020,337,571,49780,4168,1205980,4505,1255760,325,531,38100,1198,386022,424122,33,3599,26,2923,1,417,259,252,31,19,6,1247,-,-,--,--,--,--,--,--
11/9/2020,809,583,50589,9063,1215043,9872,1265632,764,555,38864,2164,388186,427050,39,3638,33,2956,2,419,263,258,29,18,4,1251,-,-,--,--,--,--,--,--
11/10/2020,1058,735,51647,12983,1228026,14041,1279673,981,690,39845,2680,390866,430711,44,3682,35,2991,0,419,272,265,32,18,6,1257,-,-,--,--,--,--,--,--
11/11/2020,1096,988,52743,19821,1247847,20917,1300590,1003,916,40848,2488,393354,434202,41,3723,24,3015,5,424,284,273,31,15,9,1266,-,-,--,--,--,--,--,--
11/12/2020,898,1017,53641,13917,1261764,14815,1315405,812,932,41660,2063,395417,437077,39,3762,31,3046,3,427,289,282,29,15,5,1271,-,-,--,--,--,--,--,--
11/13/2020,1190,1061,54831,16393,1278157,17583,1332988,1113,976,42773,2885,398302,441075,41,3803,31,3077,0,427,299,291,28,15,2,1273,-,-,--,--,--,--,--,--
11/14/2020,802,963,55633,13527,1291684,14329,1347317,738,888,43511,2310,400612,444123,41,3844,25,3102,5,432,310,299,26,13,10,1283,-,-,--,--,--,--,--,--
11/15/2020,584,859,56217,6178,1297862,6762,1354079,499,783,44010,1338,401950,445960,47,3891,20,3122,5,437,332,314,29,11,8,1291,-,-,--,--,--,--,--,--
11/16/2020,748,711,56965,9650,1307512,10398,1364477,672,636,44682,2489,404439,449121,56,3947,39,3161,3,440,346,329,27,13,6,1297,-,-,--,--,--,--,--,--
11/17/2020,1569,967,58534,18179,1325691,19748,1384225,1400,857,46082,3861,408300,454382,58,4005,44,3205,2,442,358,345,31,13,5,1302,-,-,--,--,--,--,--,--
11/18/2020,1146,1154,59680,16079,1341770,17225,1401450,1022,1031,47104,3011,411311,458415,39,4044,38,3243,5,447,354,353,30,15,7,1309,-,-,--,--,--,--,--,--
11/19/2020,1139,1285,60819,13186,1354956,14325,1415775,1034,1152,48138,3171,414482,462620,47,4091,42,3285,4,451,355,356,31,18,5,1314,-,-,--,--,--,--,--,--
11/20/2020,1463,1249,62282,22228,1377184,23691,1439466,1307,1121,49445,4074,418556,468001,48,4139,47,3332,3,454,353,354,34,14,7,1321,-,-,--,--,--,--,--,--
11/21/2020,853,1152,63135,17381,1394565,18234,1457700,755,1032,50200,2959,421515,471715,42,4181,33,3365,5,459,357,355,36,14,10,1331,-,-,--,--,--,--,--,--
11/22/2020,573,963,63708,7525,1402090,8098,1465798,485,849,50685,1708,423223,473908,64,4245,27,3392,4,463,390,367,34,15,12,1343,-,-,--,--,--,--,--,--
11/23/2020,998,808,64706,11036,1413126,12034,1477832,891,710,51576,3209,426432,478008,74,4319,39,3431,0,463,425,391,41,18,12,1355,-,-,--,--,--,--,--,--
11/24/2020,1054,875,65760,14580,1427706,15634,1493466,943,773,52519,2586,429018,481537,46,4365,59,3490,6,469,406,407,43,22,12,1367,-,-,--,--,--,--,--,--
11/25/2020,1269,1107,67029,18806,1446512,20075,1513541,1184,1006,53703,3245,432263,485966,59,4424,59,3549,4,473,402,411,44,26,7,1374,-,-,--,--,--,--,--,--
11/26/2020,553,959,67582,6489,1453001,7042,1520583,476,868,54179,1435,433698,487877,51,4475,35,3584,4,477,414,407,47,25,12,1386,-,-,--,--,--,--,--,--
11/27/2020,1044,955,68626,9725,1462726,10769,1531352,974,878,55153,2388,436086,491239,52,4527,46,3630,7,484,413,410,48,22,9,1395,-,-,--,--,--,--,--,--
11/28/2020,1192,930,69818,11963,1474689,13155,1544507,1098,849,56251,2669,438755,495006,64,4591,39,3669,0,484,438,422,49,22,4,1399,-,-,--,--,--,--,--,--
11/29/2020,828,1021,70646,6935,1481624,7763,1552270,757,943,57008,2204,440959,497967,62,4653,36,3705,3,487,461,437,50,24,9,1408,-,-,--,--,--,--,--,--
11/30/2020,1294,1105,71940,9934,1491558,11228,1563498,1169,1008,58177,2649,443608,501785,66,4719,58,3763,2,489,467,455,53,30,7,1415,-,-,--,--,--,--,--,--
12/1/2020,1567,1230,73507,14023,1505581,15590,1579088,1428,1118,59605,3228,446836,506441,62,4781,55,3818,4,493,470,466,52,31,13,1428,-,-,--,--,--,--,--,--
12/2/2020,1572,1478,75079,15522,1521103,17094,1596182,1448,1348,61053,3061,449897,510950,55,4836,51,3869,7,500,467,468,53,30,14,1442,-,-,--,--,--,--,--,--
12/3/2020,1776,1638,76855,14625,1535728,16401,1612583,1638,1505,62691,3131,453028,515719,64,4900,76,3945,5,505,450,462,49,31,12,1454,-,-,--,--,--,--,--,--
12/4/2020,1656,1668,78511,16510,1552238,18166,1630749,1526,1537,64217,3578,456606,520823,70,4970,48,3993,7,512,465,461,46,29,12,1466,-,-,--,--,--,--,--,--
12/5/2020,1200,1544,79711,12613,1564851,13813,1644562,1074,1413,65291,2744,459350,524641,68,5038,39,4032,4,516,490,468,48,29,16,1482,-,-,--,--,--,--,--,--
12/6/2020,1127,1328,80838,7849,1572700,8976,1653538,978,1193,66269,2332,461682,527951,61,5099,45,4077,10,526,496,484,49,25,15,1497,-,-,--,--,--,--,--,--
12/7/2020,1397,1241,82235,10704,1583404,12101,1665639,1248,1100,67517,3171,464853,532370,71,5170,54,4131,6,532,507,498,47,25,24,1521,-,-,--,--,--,--,--,--
12/8/2020,1466,1330,83701,15324,1598728,16790,1682429,1310,1179,68827,3392,468245,537072,61,5231,59,4190,5,537,504,502,52,29,21,1542,-,-,--,--,--,--,--,--
12/9/2020,1500,1454,85201,16357,1615085,17857,1700286,1341,1300,70168,3052,471297,541465,58,5289,62,4252,9,546,491,501,49,31,15,1557,-,-,--,--,--,--,--,--
12/10/2020,1475,1480,86676,17282,1632367,18757,1719043,1253,1301,71421,3881,475178,546599,63,5352,57,4309,7,553,490,495,56,30,26,1583,-,-,--,--,--,--,--,--
12/11/2020,1490,1488,88166,17392,1649759,18882,1737925,1294,1296,72715,3439,478617,551332,69,5421,81,4390,7,560,471,484,62,33,20,1603,-,-,--,--,--,--,--,--
12/12/2020,1123,1363,89289,13074,1662833,14197,1752122,933,1160,73648,2936,481553,555201,65,5486,54,4444,9,569,473,478,55,32,19,1622,-,-,--,--,--,--,--,--
12/13/2020,673,1095,89962,7159,1669992,7832,1759954,555,927,74203,1912,483465,557668,74,5560,40,4484,13,582,494,479,56,30,30,1652,-,-,--,--,--,--,--,--
12/14/2020,1318,1038,91280,11247,1681239,12565,1772519,1140,876,75343,3245,486710,562053,85,5645,63,4547,10,592,506,491,66,32,15,1667,113,0,113,113,113,113,0,0
12/15/2020,1270,1087,92550,15133,1696372,16403,1788922,1059,918,76402,2956,489666,566068,71,5716,56,4603,5,597,516,505,63,32,16,1683,425,0,425,538,425,538,0,0
12/16/2020,1281,1290,93831,19138,1715510,20419,1809341,1076,1092,77478,3547,493213,570691,58,5774,73,4676,11,608,490,504,62,34,19,1702,418,0,418,956,418,956,0,0
12/17/2020,483,1011,94314,8773,1724283,9256,1818597,432,856,77910,1209,494422,572332,46,5820,54,4730,8,616,474,493,61,34,17,1719,349,0,349,1305,349,1305,0,0
12/18/2020,1114,959,95428,13649,1737932,14763,1833360,936,815,78846,2707,497129,575975,56,5876,66,4796,11,627,453,472,61,35,15,1734,1671,0,1671,2976,1671,2976,0,0
12/19/2020,1317,971,96745,16378,1754310,17695,1851055,1083,817,79929,2988,500117,580046,60,5936,41,4837,9,636,463,463,62,40,20,1754,1176,0,1176,4152,1176,4152,0,0
12/20/2020,537,989,97282,6826,1761136,7363,1858418,438,819,80367,1614,501731,582098,59,5995,41,4878,8,644,473,463,64,43,14,1768,803,0,803,4955,803,4955,0,0
12/21/2020,1108,987,98390,12120,1773256,13228,1871646,933,818,81300,3467,505198,586498,73,6068,52,4930,7,651,487,474,58,40,11,1779,1763,0,1763,6718,1763,6718,0,0
12/22/2020,1079,908,99469,16597,1789853,17676,1889322,929,767,82229,3310,508508,590737,51,6119,78,5008,10,661,450,470,58,40,18,1797,1525,0,1525,8243,1525,8243,0,0
12/23/2020,1092,1093,100561,19907,1809760,20999,1910321,953,938,83182,3695,512203,595385,61,6180,63,5071,5,666,443,460,64,41,10,1807,1581,0,1581,9824,1581,9824,0,0
12/24/2020,1076,1082,101637,17040,1826800,18116,1928437,892,925,84074,3356,515559,599633,52,6232,56,5127,6,672,433,442,67,44,17,1824,638,0,638,10462,638,10462,0,0
12/25/2020,306,825,101943,3396,1830196,3702,1932139,244,696,84318,625,516184,600502,51,6283,26,5153,13,685,445,440,64,45,21,1845,1,0,1,10463,1,10463,0,0
12/26/2020,945,776,102888,10663,1840859,11608,1943747,815,650,85133,2161,518345,603478,57,6340,40,5193,5,690,457,445,67,54,11,1856,973,0,973,11436,973,11436,0,0
12/27/2020,791,681,103679,7566,1848425,8357,1952104,690,583,85823,1899,520244,606067,45,6385,22,5215,8,698,472,458,68,51,13,1869,834,0,834,12270,834,12270,0,0
12/28/2020,1500,1079,105179,12164,1860589,13664,1965768,1288,931,87111,3219,523463,610574,56,6441,44,5259,5,703,479,469,72,50,14,1883,3559,0,3559,15829,3559,15829,0,0
12/29/2020,1356,1216,106535,13750,1874339,15106,1980874,1221,1066,88332,2759,526222,614554,59,6500,56,5315,6,709,476,476,70,53,17,1900,3073,0,3073,18902,3073,18902,0,0
12/30/2020,1539,1465,108074,20014,1894353,21553,2002427,1352,1287,89684,3480,529702,619386,60,6560,57,5372,5,714,474,476,66,49,11,1911,3192,0,3192,22094,3192,22094,0,0
12/31/2020,1008,1301,109082,13996,1908349,15004,2017431,876,1150,90560,2921,532623,623183,57,6617,60,5432,14,728,457,469,60,44,19,1930,794,0,794,22888,794,22888,0,0
1/1/2021,928,1158,110010,10823,1919172,11751,2029182,806,1011,91366,1925,534548,625914,50,6667,45,5477,9,737,453,461,60,46,14,1944,62,0,62,22950,62,22950,0,0
1/2/2021,1027,988,111037,9835,1929007,10862,2040044,901,861,92267,2182,536730,628997,51,6718,33,5510,5,742,466,459,59,42,13,1957,1746,20,1766,24716,1746,24696,20,20
1/3/2021,760,905,111797,8247,1937254,9007,2049051,651,786,92918,2127,538857,631775,39,6757,40,5550,9,751,456,458,61,42,17,1974,1723,102,1825,26541,1723,26419,102,122
1/4/2021,1264,1017,113061,11850,1949104,13114,2062165,1128,893,94046,2962,541819,635865,68,6825,60,5610,12,763,452,458,64,42,19,1993,2333,282,2615,29156,2333,28752,282,404
1/5/2021,1884,1303,114945,19164,1968268,21048,2083213,1622,1134,95668,3861,545680,641348,57,6882,55,5665,7,770,447,452,63,41,13,2006,2513,239,2752,31908,2513,31265,239,643
1/6/2021,1373,1507,116318,18324,1986592,19697,2102910,1222,1324,96890,3066,548746,645636,58,6940,60,5725,12,782,433,444,58,39,19,2025,1633,467,2100,34008,1633,32898,467,1110
1/7/2021,1262,1506,117580,17421,2004013,18683,2121593,1121,1322,98011,3270,552016,650027,51,6991,56,5781,4,786,424,435,57,36,11,2036,1750,704,2454,36462,1750,34648,704,1814
1/8/2021,1422,1352,119002,20467,2024480,21889,2143482,1241,1195,99252,3892,555908,655160,56,7047,51,5832,6,792,423,427,54,35,13,2049,1787,1552,3339,39801,1787,36435,1552,3366
1/9/2021,1287,1324,120289,17327,2041807,18614,2162096,1084,1149,100336,3405,559313,659649,65,7112,39,5871,6,798,443,430,52,33,15,2064,1472,696,2168,41969,1472,37907,696,4062
1/10/2021,739,1149,121028,8781,2050588,9520,2171616,661,995,100997,2077,561390,662387,45,7157,40,5911,5,803,443,436,55,34,15,2079,338,760,1098,43067,338,38245,760,4822
1/11/2021,1016,1014,122044,13398,2063986,14414,2186030,893,879,101890,3368,564758,666648,64,7221,50,5961,9,812,448,445,54,36,22,2101,1309,1510,2819,45886,1309,39554,1510,6332
1/12/2021,1118,958,123162,18269,2082255,19387,2205417,948,834,102838,3698,568456,671294,61,7282,76,6037,8,820,425,439,56,37,15,2116,1904,1289,3193,49079,1904,41458,1289,7621
1/13/2021,1035,1056,124197,19972,2102227,21007,2226424,882,908,103720,3922,572378,676098,67,7349,57,6094,5,825,430,434,56,37,11,2127,1303,1215,2518,51597,1303,42761,1215,8836
1/14/2021,1147,1100,125344,20555,2122782,21702,2248126,996,942,104716,3970,576348,681064,64,7413,60,6154,5,830,429,428,58,40,10,2137,2330,596,2926,54523,2330,45091,596,9432
1/15/2021,1104,1095,126448,17565,2140347,18669,2266795,945,941,105661,3285,579633,685294,61,7474,74,6228,8,838,408,422,57,38,16,2153,1598,576,2174,56697,1598,46689,576,10008
1/16/2021,921,1057,127369,16699,2157046,17620,2284415,768,903,106429,2848,582481,688910,56,7530,51,6279,3,841,410,416,59,43,15,2168,2255,594,2849,59546,2255,48944,594,10602
1/17/2021,626,884,127995,10063,2167109,10689,2295104,515,743,106944,1791,584272,691216,47,7577,41,6320,4,845,412,410,57,42,8,2176,335,208,543,60089,335,49279,208,10810
1/18/2021,559,702,128554,8808,2175917,9367,2304471,469,584,107413,1381,585653,693066,60,7637,42,6362,8,853,422,415,56,40,19,2195,1207,1063,2270,62359,1207,50486,1063,11873
1/19/2021,952,712,129506,18599,2194516,19551,2324022,851,612,108264,3154,588807,697071,68,7705,60,6422,9,862,421,418,58,40,13,2208,1484,722,2206,64565,1484,51970,722,12595
1/20/2021,970,827,130476,22629,2217145,23599,2347621,850,723,109114,3377,592184,701298,46,7751,66,6488,11,873,390,411,52,34,25,2233,1957,793,2750,67315,1957,53927,793,13388
1/21/2021,1181,1034,131657,24194,2241339,25375,2372996,1015,905,110129,3913,596097,706226,55,7806,59,6547,5,878,381,397,52,32,10,2243,2378,345,2723,70038,2378,56305,345,13733
1/22/2021,873,1008,132530,19819,2261158,20692,2393688,757,874,110886,3041,599138,710024,54,7860,58,6605,10,888,367,379,55,34,16,2259,2485,310,2795,72833,2485,58790,310,14043
1/23/2021,910,988,133440,19073,2280231,19983,2413671,774,849,111660,3073,602211,713871,57,7917,32,6637,3,891,389,379,60,35,8,2267,2495,599,3094,75927,2495,61285,599,14642
1/24/2021,405,729,133845,8969,2289200,9374,2423045,341,624,112001,1204,603415,715416,43,7960,43,6680,9,900,380,379,60,38,16,2283,737,1050,1787,77714,737,62022,1050,15692
1/25/2021,804,706,134649,13384,2302584,14188,2437233,685,600,112686,2595,606010,718696,47,8007,55,6735,5,905,367,379,60,39,14,2297,2017,2780,4797,82511,2017,64039,2780,18472
1/26/2021,726,645,135375,20008,2322592,20734,2457967,640,555,113326,3349,609359,722685,49,8056,47,6782,9,914,360,369,57,36,12,2309,1550,2617,4167,86678,1550,65589,2617,21089
1/27/2021,846,792,136221,21874,2344466,22720,2480687,713,679,114039,3234,612593,726632,50,8106,58,6840,3,917,349,359,59,33,7,2316,2250,2797,5047,91725,2250,67839,2797,23886
1/28/2021,765,779,136986,22579,2367045,23344,2504031,638,664,114677,3058,615651,730328,34,8140,35,6875,4,921,344,351,55,31,14,2330,2732,1094,3826,95551,2732,70571,1094,24980
1/29/2021,672,761,137658,20064,2387109,20736,2524767,591,647,115268,2527,618178,733446,41,8181,53,6928,4,925,328,340,57,34,7,2337,2275,1192,3467,99018,2275,72846,1192,26172
1/30/2021,695,711,138353,16301,2403410,16996,2541763,590,606,115858,2290,620468,736326,39,8220,30,6958,4,929,333,335,52,31,9,2346,3532,2106,5638,104656,3532,76378,2106,28278
1/31/2021,361,576,138714,8373,2411783,8734,2550497,320,500,116178,1151,621619,737797,36,8256,36,6994,2,931,331,331,46,26,8,2354,2321,390,2711,107367,2321,78699,390,28668
2/1/2021,238,431,138952,7377,2419160,7615,2558112,204,371,116382,673,622292,738674,35,8291,39,7033,7,938,320,328,44,23,11,2365,423,1031,1454,108821,423,79122,1031,29699
2/2/2021,604,401,139556,14805,2433965,15409,2573521,538,354,116920,1907,624199,741119,48,8339,48,7081,5,943,315,322,47,24,14,2379,1715,1683,3398,112219,1715,80837,1683,31382
2/3/2021,752,531,140308,24441,2458406,25193,2598714,654,465,117574,2516,626715,744289,50,8389,46,7127,5,948,314,316,47,22,14,2393,3896,1958,5854,118073,3896,84733,1958,33340
2/4/2021,708,688,141016,23368,2481774,24076,2622790,612,601,118186,2651,629366,747552,33,8422,48,7175,0,948,299,309,48,23,8,2401,2909,2046,4955,123028,2909,87642,2046,35386
2/5/2021,614,691,141630,20025,2501799,20639,2643429,518,595,118704,2289,631655,750359,25,8447,41,7216,3,951,280,298,51,24,6,2407,2940,1547,4487,127515,2940,90582,1547,36933
2/6/2021,414,579,142044,15172,2516971,15586,2659015,365,498,119069,1726,633381,752450,28,8475,28,7244,3,954,277,285,52,23,8,2415,3231,1653,4884,132399,3231,93813,1653,38586
2/7/2021,240,423,142284,4716,2521687,4956,2663971,189,357,119258,718,634099,753357,25,8500,22,7266,7,961,273,277,49,24,14,2429,410,444,854,133253,410,94223,444,39030
2/8/2021,387,347,142671,12984,2534671,13371,2677342,338,297,119596,1610,635709,755305,23,8523,30,7296,1,962,265,272,46,23,8,2437,1704,1379,3083,136336,1704,95927,1379,40409
2/9/2021,565,397,143236,17931,2552602,18496,2695838,494,340,120090,1776,637485,757575,34,8557,35,7331,4,966,260,266,48,24,7,2444,2698,1395,4093,140429,2698,98625,1395,41804
2/10/2021,551,501,143787,23781,2576383,24332,2720170,472,435,120562,2154,639639,760201,30,8587,44,7375,6,972,240,255,44,22,10,2454,2729,2243,4972,145401,2729,101354,2243,44047
2/11/2021,482,533,144269,21056,2597439,21538,2741708,411,459,120973,2018,641657,762630,31,8618,34,7409,4,976,233,244,43,22,10,2464,3024,1950,4974,150375,3024,104378,1950,45997
2/12/2021,446,493,144715,20702,2618141,21148,2762856,383,422,121356,1943,643600,764956,19,8637,27,7436,2,978,223,232,41,21,5,2469,3363,2388,5751,156126,3363,107741,2388,48385
2/13/2021,387,438,145102,14076,2632217,14463,2777319,328,374,121684,1589,645189,766873,22,8659,34,7470,4,982,207,221,38,19,9,2478,3316,2870,6186,162312,3316,111057,2870,51255
2/14/2021,266,366,145368,6595,2638812,6861,2784180,231,314,121915,897,646086,768001,26,8685,15,7485,0,982,218,216,38,23,4,2482,1324,783,2107,164419,1324,112381,783,52038
2/15/2021,330,328,145698,11087,2649899,11417,2795597,301,287,122216,1189,647275,769491,28,8713,28,7513,3,985,215,213,33,22,3,2485,3794,1066,4860,169279,3794,116175,1066,53104
2/16/2021,468,355,146166,20047,2669946,20515,2816112,406,313,122622,1800,649075,771697,22,8735,41,7554,3,988,193,209,34,20,9,2494,3626,1299,4925,174204,3626,119801,1299,54403
2/17/2021,413,404,146579,22265,2692211,22678,2838790,357,355,122979,1753,650828,773807,25,8760,26,7580,0,988,192,200,30,20,1,2495,5191,1921,7112,181316,5191,124992,1921,56324
2/18/2021,395,425,146974,20163,2712374,20558,2859348,332,365,123311,1582,652410,775721,16,8776,19,7599,2,990,187,191,35,19,3,2498,6021,2312,8333,189649,6021,131013,2312,58636
2/19/2021,417,408,147391,16721,2729095,17138,2876486,350,346,123661,1548,653958,777619,22,8798,34,7633,3,993,172,184,29,17,6,2504,5552,2236,7788,197437,5552,136565,2236,60872
2/20/2021,337,383,147728,10618,2739713,10955,2887441,280,321,123941,1318,655276,779217,37,8835,21,7654,2,995,186,182,29,17,3,2507,7895,2019,9914,207351,7895,144460,2019,62891
2/21/2021,200,318,147928,6308,2746021,6508,2893949,173,268,124114,841,656117,780231,6,8841,14,7668,2,997,176,178,33,18,3,2510,1933,613,2546,209897,1933,146393,613,63504
2/22/2021,386,308,148314,12029,2758050,12415,2906364,343,265,124457,1522,657639,782096,16,8857,17,7685,0,997,175,179,32,17,2,2512,5469,1384,6853,216750,5469,151862,1384,64888
2/23/2021,489,358,148803,19932,2777982,20421,2926785,440,319,124897,2110,659749,784646,24,8881,28,7713,2,999,169,173,32,17,5,2517,6118,1375,7493,224243,6118,157980,1375,66263
2/24/2021,485,453,149288,23114,2801096,23599,2950384,421,401,125318,2027,661776,787094,27,8908,20,7733,2,1001,174,173,33,19,5,2522,6623,1812,8435,232678,6623,164603,1812,68075
2/25/2021,525,500,149813,20970,2822066,21495,2971879,454,438,125772,1927,663703,789475,20,8928,20,7753,3,1004,171,171,30,19,5,2527,8688,2963,11651,244329,8688,173291,2963,71038
2/26/2021,431,480,150244,18572,2840638,19003,2990882,372,416,126144,1586,665289,791433,25,8953,24,7777,1,1005,171,172,29,20,0,2527,8335,2622,10957,255286,8335,181626,2622,73660
2/27/2021,381,446,150625,14917,2855555,15298,3006180,341,389,126485,1645,666934,793419,14,8967,13,7790,1,1006,171,171,29,18,4,2531,8480,3722,12202,267488,8480,190106,3722,77382
2/28/2021,191,334,150816,6191,2861746,6382,3012562,169,294,126654,747,667681,794335,8,8975,9,7799,2,1008,168,170,27,17,3,2534,2497,1335,3832,271320,2497,192603,1335,78717
3/1/2021,351,308,151167,11324,2873070,11675,3024237,321,277,126975,1368,669049,796024,13,8988,21,7820,4,1012,156,165,25,15,5,2539,4722,1334,6056,277376,4722,197325,1334,80051
3/2/2021,478,340,151645,20841,2893911,21319,3045556,426,305,127401,1713,670762,798163,22,9010,21,7841,0,1012,157,160,24,15,0,2539,6120,1262,7382,284758,6120,203445,1262,81313
3/3/2021,471,433,152116,23966,2917877,24437,3069993,421,389,127822,1818,672580,800402,15,9025,23,7864,2,1014,147,153,25,14,3,2542,7423,3022,10445,295203,7423,210868,3022,84335
3/4/2021,428,459,152544,20635,2938512,21063,3091056,383,410,128205,1740,674320,802525,20,9045,29,7893,2,1016,136,147,23,14,2,2544,6570,2073,8643,303846,6570,217438,2073,86408
3/5/2021,420,440,152964,18359,2956871,18779,3109835,311,372,128516,1829,676149,804665,17,9062,18,7911,2,1018,133,139,23,14,3,2547,5750,2081,7831,311677,5750,223188,2081,88489
3/6/2021,296,381,153260,13217,2970088,13513,3123348,265,320,128781,1421,677570,806351,16,9078,16,7927,0,1018,133,134,21,15,0,2547,6850,1845,8695,320372,6850,230038,2213,90702
3/7/2021,241,319,153501,4454,2974542,4695,3128043,200,259,128981,647,678217,807198,,,,,,,,,,,2,2549,2341,347,2688,323060,2341,232379,685,91387